71.58504
0.85259
15.44

44.28495
0.9043
23.55

31.88622
0.92989
32.15

18.54536
0.95882
51.36

0.05219
0.99968
162.94


172.38776
0.85045
21.83

113.14855
0.89835
33.3

80.1792
0.92693
46.3

42.09404
0.95944
73.62

0.08429
0.99969
242.8


134.63497
0.8931
23.26

81.96609
0.93417
35.35

56.01262
0.95218
47.24

28.69216
0.97275
72.2

0.1406
0.99968
244.75


184.19826
0.83118
26.46

112.2651
0.89276
41.51

76.95084
0.92334
55.86

39.40857
0.9572
85.74

0.38393
0.99956
305.01


153.35323
0.90574
34.19

78.85674
0.9505
52.1

23.66443
0.98478
66.5

5.78081
0.99548
84.06

0.05724
0.99983
202.48